results/full_text/dibert_NER_mlm_cls_103_10_seed_0_epoch_15.tar
test_accuracy: 0.9778410539736506
test_weighted_f1: 0.9778102684058068
results/full_text/dibert_NER_mlm_cls_pprediction_103_10_seed_0_epoch_10.tar
test_accuracy: 0.9776540586485338
test_weighted_f1: 0.9776307777344081

results/full_text/dibert_NER_mlm_cls_103_10_seed_1_epoch_10.tar
test_accuracy: 0.9773735656608584
test_weighted_f1: 0.9773556922908346
results/full_text/dibert_NER_mlm_cls_pprediction_103_10_seed_1_epoch_14.tar
test_accuracy: 0.9772375690607735
test_weighted_f1: 0.9772048532445854